Extent:
  lat_max: 40.39468400037334
  lat_min: 39.7709750004437
  lon_max: -121.494838999571
  lon_min: -122.06358799956307
